50 20 30 1.000000 -1.000000 
-2.162824 -8.327922 0.626662 1.438382 -5.732357 5.954577 5.945821 -0.188166 1.636462 0.873196 -0.933543 3.628953 -2.941583 10.915929 -0.681979 0.569657 5.333841 0.296407 -0.478242 -4.161747 1.472054 -6.680909 3.571623 8.117810 -3.458879 4.289983 6.270007 -7.968648 -7.204822 2.855738 -1.999428 3.449987 4.078111 3.559542 6.451249 3.343003 5.954190 -6.012286 -0.098948 -0.783586 -8.020428 1.286521 -5.282365 7.075707 -4.025452 2.643715 1.096603 -4.609508 -10.853372 -0.295939 
75.259127 13.455764 8.821991 -4.264255 -3.513720 -2.495896 1.842657 -15.601901 2.015067 -12.491058 10.566998 -0.399139 -2.565235 0.396151 -2.112718 -4.591437 7.853834 -0.220658 2.785821 5.290861 -9.360095 0.361200 -9.119124 -4.611170 8.618132 -10.537984 -6.809525 14.793605 -4.338812 16.009943 3.185253 -3.353981 6.452622 -2.542303 2.006140 -3.252291 -3.588829 -5.305410 -11.386158 10.689174 -5.291949 10.132783 1.668506 -5.242334 6.982212 -8.715941 2.259991 4.205318 4.425079 1.272947 13.455764 72.653671 5.964667 2.373502 -1.842073 1.632799 9.132528 -7.971571 -3.517057 -4.517292 6.244698 -5.639072 -9.541305 4.259004 2.514844 -1.162085 -9.532722 7.843517 -10.685756 13.103241 -4.194962 7.144411 -9.656769 -4.151593 5.456204 -13.336094 11.104120 7.583532 0.644300 -6.389928 13.074786 5.017204 -2.596885 -5.185814 -0.807085 4.253885 -8.043996 8.779729 12.254964 -2.518922 2.632490 1.555653 2.018337 -5.232563 -3.076455 5.486993 8.317140 -8.558649 4.953446 -2.472327 8.821991 5.964667 58.819525 2.970262 -7.445773 -5.194922 -0.948772 -10.261638 11.220866 2.876399 -8.244477 8.811277 -8.537663 0.802109 16.676069 -0.981599 5.115082 3.787519 8.217821 -10.349424 5.137462 6.222530 -0.800652 1.760823 3.267121 7.732606 5.841502 8.273620 -13.760852 1.381521 -6.757286 -1.928623 -6.503247 -9.913793 1.715838 9.721714 -9.045028 -6.161103 4.443361 9.075313 8.724793 -3.400726 -9.028258 0.304206 -13.172730 -15.055263 0.124150 7.866372 -10.445362 4.855631 -4.264255 2.373502 2.970262 63.083019 3.201394 6.660488 7.665716 -9.498159 5.215537 2.687581 3.261687 -6.137910 -8.824563 -2.875318 -5.646888 -15.698092 -6.757301 -5.813533 11.975814 -5.113206 -5.927031 6.597202 2.652370 4.194147 -11.435411 6.331555 -4.185721 11.445099 -4.910640 -1.558791 22.529206 2.879290 -1.168294 -4.480001 -3.990297 11.746764 -18.780575 5.162305 0.419551 -7.101742 0.393816 1.341289 -5.332751 7.384775 -20.354535 -4.475891 -7.633129 -3.120585 -8.895816 5.166908 -3.513720 -1.842073 -7.445773 3.201394 46.374911 -6.065699 11.814693 -7.027882 -3.922408 -2.217484 5.509170 7.278590 2.971922 -6.789496 1.632209 0.250718 -5.800931 10.076760 3.058154 2.212479 -9.584965 6.667533 -7.410800 12.864143 -0.315876 4.174101 2.565551 4.071607 -5.956194 3.044514 4.218020 3.703873 3.267373 12.541743 1.327068 -12.398968 -3.892716 4.030947 0.726198 -9.988709 6.335206 -12.140822 -11.280626 -6.718469 -0.803544 -2.648385 0.685527 -8.151411 -0.149593 2.019717 -2.495896 1.632799 -5.194922 6.660488 -6.065699 86.043729 14.184112 -7.983798 16.504786 -8.058915 2.759773 0.582409 11.163819 10.808598 -12.900768 -13.579421 -2.036866 -4.914404 -1.149070 -13.609121 -18.110846 -5.299297 4.049915 5.886409 5.209150 -2.923739 -3.889978 -7.923599 -3.987275 3.383727 4.301294 -6.911630 -8.946432 -1.157859 1.577017 4.931375 -3.605612 -0.338466 3.531213 4.768229 15.178996 17.864437 -2.376832 3.878245 -16.590711 5.225291 -21.469576 -6.679420 -10.480743 -4.654148 1.842657 9.132528 -0.948772 7.665716 11.814693 14.184112 78.728137 4.616041 -7.780686 4.852221 6.283708 10.528843 6.174572 -1.457517 -6.544392 2.232615 -0.613660 7.305819 -11.206016 -8.304123 2.949099 2.057282 -5.019964 -7.807336 8.187979 8.281207 -5.662712 -0.407674 4.910354 -8.565739 19.786013 -5.340562 1.541606 -3.810762 10.759074 17.033235 -5.672142 14.308506 -3.171871 7.157962 6.316258 7.048298 -4.684407 9.769371 -7.594311 -0.299611 7.477964 -6.427243 -3.314912 6.150364 -15.601901 -7.971571 -10.261638 -9.498159 -7.027882 -7.983798 4.616041 64.095141 9.023241 17.472049 -9.217389 2.704040 0.386990 17.838678 1.364144 3.961704 10.063101 2.862494 -3.101600 -2.417758 5.351493 -2.025476 5.608825 -8.996083 7.127093 8.969612 10.194964 -10.890376 -0.441218 -5.482389 -15.380111 -0.090933 -3.616266 -1.865266 1.797861 2.554131 3.438627 9.483083 -1.436349 -3.457254 8.418251 12.178641 3.851905 -1.920246 15.477005 4.262970 4.219709 12.994453 7.033005 5.940286 2.015067 -3.517057 11.220866 5.215537 -3.922408 16.504786 -7.780686 9.023241 60.900292 5.635036 -6.318287 10.271665 -3.265869 -4.885879 -2.070978 -5.733927 6.234760 -2.387801 6.286232 -3.043917 -0.047208 -1.503971 3.890116 13.795113 -0.701882 8.173619 0.337408 -11.391777 -7.615073 7.186319 -13.310470 -3.765814 3.083515 -0.975263 2.430367 13.408110 0.445851 -2.524984 -4.826278 -2.727651 13.330133 1.814653 8.671306 -1.072829 -1.528917 -4.496198 -9.304208 -5.463528 -1.703702 7.404949 -12.491058 -4.517292 2.876399 2.687581 -2.217484 -8.058915 4.852221 17.472049 5.635036 73.458476 3.692284 -1.789744 0.141988 -2.129058 -10.933635 2.733449 -6.609763 -2.514296 0.084026 10.275639 4.086135 -6.053854 1.205591 -8.550654 4.354959 21.145841 11.121698 -16.170732 -4.037140 3.990936 -0.571210 5.564667 11.057323 -18.116769 4.821546 1.314802 -2.302953 5.126777 -6.944573 5.895461 20.007088 11.374322 -23.738063 -12.500622 -4.561811 -1.751209 4.140452 -4.629252 -0.683963 -3.048286 10.566998 6.244698 -8.244477 3.261687 5.509170 2.759773 6.283708 -9.217389 -6.318287 3.692284 71.944593 -4.761502 0.733164 -3.484591 9.479702 -10.379295 1.391263 -9.161898 -0.021825 0.853393 4.356066 -1.101392 -2.291947 -11.557755 0.173216 -1.847397 -0.611107 -0.163769 9.430574 6.118789 10.475961 0.896920 8.784517 -4.901312 13.438233 -21.184180 -15.816717 9.629379 -12.968366 4.454595 -7.063010 -2.921114 -8.942543 -3.123475 -1.073323 4.738317 8.826908 -9.912848 -2.725243 4.912690 -0.399139 -5.639072 8.811277 -6.137910 7.278590 0.582409 10.528843 2.704040 10.271665 -1.789744 -4.761502 70.485089 7.975352 7.209648 4.833403 -1.378239 7.033124 14.779089 3.766259 -3.889849 0.950799 1.981357 9.427862 -1.516703 -6.712455 -9.522883 -7.005750 -7.402963 -0.521769 10.859913 -2.116784 -0.277863 2.633584 9.800047 0.101842 16.800314 2.717069 -2.846669 -3.247145 7.249380 -2.514896 -1.045717 5.569922 9.797532 -0.582019 3.610623 -1.279314 8.837711 -3.422915 2.857388 -2.565235 -9.541305 -8.537663 -8.824563 2.971922 11.163819 6.174572 0.386990 -3.265869 0.141988 0.733164 7.975352 62.273324 -11.272702 -4.370668 9.335512 -9.975983 -3.059782 -0.348585 2.753079 0.587545 -11.044008 3.795485 1.811073 13.742445 -2.830044 1.993336 -0.816160 10.370701 -0.891902 -10.507789 -5.478999 -3.061694 13.487886 6.243688 -7.226516 -1.032557 -15.036821 -9.068508 1.694654 -8.978361 1.045572 7.182461 1.274687 -2.335874 4.648539 10.925154 -4.272658 4.708722 -2.866606 0.396151 4.259004 0.802109 -2.875318 -6.789496 10.808598 -1.457517 17.838678 -4.885879 -2.129058 -3.484591 7.209648 -11.272702 71.659574 14.113665 -15.419175 7.815910 12.365101 -2.273889 -9.676534 -18.852204 -6.594848 8.152430 -12.634497 -7.471915 0.255060 -12.983009 1.933923 0.763730 -7.253869 -4.700997 1.794055 -0.822272 -2.895142 -4.755060 -2.499162 -7.543004 0.514947 8.361350 3.764827 -1.114619 15.752938 4.248950 3.342649 7.762163 1.102108 -18.757334 13.983870 2.561979 4.323482 -2.112718 2.514844 16.676069 -5.646888 1.632209 -12.900768 -6.544392 1.364144 -2.070978 -10.933635 9.479702 4.833403 -4.370668 14.113665 73.336325 -0.132983 13.208772 -0.792718 -3.612634 -11.928799 0.952162 -8.610388 8.206641 -12.700084 -17.782325 2.384258 -7.649741 3.527490 7.162538 -0.675708 -6.040890 2.543417 2.639218 19.663658 3.246258 2.026079 -8.380018 -3.637861 12.637585 -13.752949 -13.268720 -0.384688 -3.058671 5.648261 6.030988 -12.367568 1.970617 -3.261690 8.314025 2.247142 -4.591437 -1.162085 -0.981599 -15.698092 0.250718 -13.579421 2.232615 3.961704 -5.733927 2.733449 -10.379295 -1.378239 9.335512 -15.419175 -0.132983 60.364006 -7.383466 -3.817863 -10.254767 1.602556 -6.690720 4.277394 -8.811137 6.398179 -5.727945 7.066367 4.823959 9.544648 11.118681 -4.731015 -1.666624 -4.870323 10.998641 -1.573842 -1.009096 0.771588 10.834384 -13.697786 4.636194 -2.151414 -8.331572 -8.113094 2.004132 -7.906252 -2.063415 0.570958 -3.208253 -4.414895 6.664578 2.729782 7.853834 -9.532722 5.115082 -6.757301 -5.800931 -2.036866 -0.613660 10.063101 6.234760 -6.609763 1.391263 7.033124 -9.975983 7.815910 13.208772 -7.383466 73.440710 -7.822070 -27.476432 -6.567268 7.158591 -5.624267 -3.542784 -12.031670 0.478293 -9.431819 -5.478397 -2.812128 -1.544223 -3.831726 -7.907799 12.056821 -4.900856 -18.201783 2.405736 5.091921 16.913159 1.959878 -8.050270 -4.713206 10.083801 9.334473 4.106908 -14.287276 -12.122167 -0.008703 3.958873 11.552529 10.893784 -4.492995 -0.220658 7.843517 3.787519 -5.813533 10.076760 -4.914404 7.305819 2.862494 -2.387801 -2.514296 -9.161898 14.779089 -3.059782 12.365101 -0.792718 -3.817863 -7.822070 63.666903 -3.120134 -4.192007 -2.741931 -2.052158 16.969076 -1.057919 16.703863 -5.916203 -0.386599 3.844868 -1.754917 -4.173070 -2.683747 -1.920104 0.974099 -1.485510 -24.261030 5.176864 -2.935606 -8.995979 4.848347 -13.154863 0.869562 -3.341590 2.323986 -1.197980 12.119963 1.145664 6.295984 18.009963 5.705334 3.008936 2.785821 -10.685756 8.217821 11.975814 3.058154 -1.149070 -11.206016 -3.101600 6.286232 0.084026 -0.021825 3.766259 -0.348585 -2.273889 -3.612634 -10.254767 -27.476432 -3.120134 71.165254 -0.363253 -9.529518 -9.529577 -1.876137 9.030813 6.636052 5.670904 -4.293733 2.496962 -2.234922 5.433266 -2.189450 -10.785306 -6.912024 16.679263 -2.046175 7.199473 -21.497779 -0.109763 -1.997840 14.192854 3.391453 -15.507021 -16.041330 15.268176 6.991040 -5.071314 -13.116135 -7.030552 -6.891555 -5.328095 5.290861 13.103241 -10.349424 -5.113206 2.212479 -13.609121 -8.304123 -2.417758 -3.043917 10.275639 0.853393 -3.889849 2.753079 -9.676534 -11.928799 1.602556 -6.567268 -4.192007 -0.363253 56.465289 -1.306277 7.847881 -4.534357 -11.718378 0.214655 -11.208651 7.124108 -13.007726 2.788196 6.237374 -5.003993 2.246575 2.094941 -4.713702 0.515798 8.505491 -3.630960 -2.480925 -0.609407 -9.970342 -3.201033 -1.278595 -7.473771 1.240919 10.816282 7.159735 17.150837 -6.994328 17.980309 -12.389710 -9.360095 -4.194962 5.137462 -5.927031 -9.584965 -18.110846 2.949099 5.351493 -0.047208 4.086135 4.356066 0.950799 0.587545 -18.852204 0.952162 -6.690720 7.158591 -2.741931 -9.529518 -1.306277 79.443430 1.614224 7.343954 -14.584206 20.559478 -1.833357 9.578999 -10.286107 10.145073 -2.904570 11.295871 -5.836184 -0.950644 -4.968281 -7.517986 1.640154 15.182130 12.804779 -3.992011 9.955126 -2.025206 -8.984988 12.148027 22.966771 6.891492 1.786135 3.232108 -2.423372 -3.859618 10.024550 0.361200 7.144411 6.222530 6.597202 6.667533 -5.299297 2.057282 -2.025476 -1.503971 -6.053854 -1.101392 1.981357 -11.044008 -6.594848 -8.610388 4.277394 -5.624267 -2.052158 -9.529577 7.847881 1.614224 56.078493 0.791583 11.138094 3.259216 0.019340 1.460765 -6.600174 -2.611781 -0.945891 -2.491277 -0.597382 13.744153 -0.121140 0.060269 -7.536588 -0.738474 15.534520 13.913369 -6.940124 -7.007572 4.865518 2.774634 -9.027498 0.619750 -4.566217 4.589773 -7.382167 0.408086 4.704159 -9.119124 -9.656769 -0.800652 2.652370 -7.410800 4.049915 -5.019964 5.608825 3.890116 1.205591 -2.291947 9.427862 3.795485 8.152430 8.206641 -8.811137 -3.542784 16.969076 -1.876137 -4.534357 7.343954 0.791583 76.293304 -2.518824 5.020928 -15.242693 -13.923739 -6.691589 7.720525 -4.889950 -2.162720 2.290874 -2.786399 9.379285 -9.997101 13.879839 4.839882 4.939699 -12.052695 -3.732075 10.542789 8.496124 1.270108 0.140118 3.734778 -14.119879 -2.672232 -3.622258 -3.366813 -2.686683 -4.611170 -4.151593 1.760823 4.194147 12.864143 5.886409 -7.807336 -8.996083 13.795113 -8.550654 -11.557755 -1.516703 1.811073 -12.634497 -12.700084 6.398179 -12.031670 -1.057919 9.030813 -11.718378 -14.584206 11.138094 -2.518824 69.031469 -4.847130 12.310751 -0.026804 9.282103 3.100965 -12.317075 -2.123011 -4.790189 0.092227 10.749001 5.326969 -9.185155 -1.017178 1.331301 4.233549 -6.518253 14.431926 -5.365827 11.432268 -20.909397 -15.123852 -10.844191 8.483438 -8.264937 -6.324413 12.396105 8.618132 5.456204 3.267121 -11.435411 -0.315876 5.209150 8.187979 7.127093 -0.701882 4.354959 0.173216 -6.712455 13.742445 -7.471915 -17.782325 -5.727945 0.478293 16.703863 6.636052 0.214655 20.559478 3.259216 5.020928 -4.847130 70.467840 -8.858430 3.308565 -7.193357 -10.965629 -12.025847 -7.756036 -5.495617 -10.905689 -5.173408 -7.010026 -9.866616 -2.363270 -1.351696 -6.060734 1.473896 5.811507 -0.205852 -1.300856 3.799518 3.470072 -11.546764 0.296364 -6.991757 2.523693 5.622474 -10.537984 -13.336094 7.732606 6.331555 4.174101 -2.923739 8.281207 8.969612 8.173619 21.145841 -1.847397 -9.522883 -2.830044 0.255060 2.384258 7.066367 -9.431819 -5.916203 5.670904 -11.208651 -1.833357 0.019340 -15.242693 12.310751 -8.858430 69.805593 8.581874 3.931084 4.984599 5.713293 -5.901263 -2.176282 17.505533 -4.217954 7.938292 -1.800008 -16.321171 -1.893423 8.619281 6.834045 -1.568761 5.721007 -19.203330 -8.363207 -9.750356 9.712762 -5.486208 -1.252547 -9.574395 -2.199442 -6.809525 11.104120 5.841502 -4.185721 2.565551 -3.889978 -5.662712 10.194964 0.337408 11.121698 -0.611107 -7.005750 1.993336 -12.983009 -7.649741 4.823959 -5.478397 -0.386599 -4.293733 7.124108 9.578999 1.460765 -13.923739 -0.026804 3.308565 8.581874 65.266454 -1.410327 0.330661 -0.026203 -1.128108 0.800016 -8.507265 -1.021206 1.091821 -4.081197 -1.937759 0.920341 4.362760 -1.440946 7.372784 -7.045182 1.442840 0.501652 0.453099 11.304811 2.277955 -5.357708 17.081141 -14.588370 14.793605 7.583532 8.273620 11.445099 4.071607 -7.923599 -0.407674 -10.890376 -11.391777 -16.170732 -0.163769 -7.402963 -0.816160 1.933923 3.527490 9.544648 -2.812128 3.844868 2.496962 -13.007726 -10.286107 -6.600174 -6.691589 9.282103 -7.193357 3.931084 -1.410327 65.673450 2.460996 9.227339 4.606075 -0.668642 -0.060367 -9.362996 4.603552 -4.519078 -5.602705 -3.503500 4.062068 -1.113520 3.996206 -9.545222 -3.814440 -6.467357 -24.535367 -17.512616 -1.120308 4.137970 -9.775126 8.444418 -4.338812 0.644300 -13.760852 -4.910640 -5.956194 -3.987275 4.910354 -0.441218 -7.615073 -4.037140 9.430574 -0.521769 10.370701 0.763730 7.162538 11.118681 -1.544223 -1.754917 -2.234922 2.788196 10.145073 -2.611781 7.720525 3.100965 -10.965629 4.984599 0.330661 2.460996 55.949966 -15.332554 0.607050 -8.445840 12.020378 -0.624096 6.975271 -0.983458 -1.400765 10.596497 1.200028 -1.750968 -18.651007 -13.388583 3.847544 -1.291483 -6.709091 3.770584 -1.204008 -0.924741 2.697865 -3.799662 16.009943 -6.389928 1.381521 -1.558791 3.044514 3.383727 -8.565739 -5.482389 7.186319 3.990936 6.118789 10.859913 -0.891902 -7.253869 -0.675708 -4.731015 -3.831726 -4.173070 5.433266 6.237374 -2.904570 -0.945891 -4.889950 -12.317075 -12.025847 5.713293 -0.026203 9.227339 -15.332554 65.738328 6.860786 -0.958605 4.725687 4.873976 1.475942 -4.149202 -5.968504 -6.594830 -5.507748 0.435991 0.579896 -2.533820 0.821725 -2.971803 2.273566 3.311105 -2.051974 -13.514771 -8.889965 -5.299563 3.185253 13.074786 -6.757286 22.529206 4.218020 4.301294 19.786013 -15.380111 -13.310470 -0.571210 10.475961 -2.116784 -10.507789 -4.700997 -6.040890 -1.666624 -7.907799 -2.683747 -2.189450 -5.003993 11.295871 -2.491277 -2.162720 -2.123011 -7.756036 -5.901263 -1.128108 4.606075 0.607050 6.860786 77.746975 5.286099 -0.142871 13.909891 -12.652991 6.215897 9.632970 20.726594 -0.721177 4.832270 -8.207638 -0.361430 -2.528543 8.779992 -2.827703 12.449940 -15.630481 -7.565849 -8.257506 8.198159 -3.353981 5.017204 -1.928623 2.879290 3.703873 -6.911630 -5.340562 -0.090933 -3.765814 5.564667 0.896920 -0.277863 -5.478999 1.794055 2.543417 -4.870323 12.056821 -1.920104 -10.785306 2.246575 -5.836184 -0.597382 2.290874 -4.790189 -5.495617 -2.176282 0.800016 -0.668642 -8.445840 -0.958605 5.286099 32.584456 1.083038 -1.692337 0.670124 2.764722 2.661045 2.919573 -1.738368 -3.718144 -0.996431 9.699161 -3.032448 -13.426578 -1.068983 1.604956 9.753483 -6.179411 2.398259 -5.116651 6.452622 -2.596885 -6.503247 -1.168294 3.267373 -8.946432 1.541606 -3.616266 3.083515 11.057323 8.784517 2.633584 -3.061694 -0.822272 2.639218 10.998641 -4.900856 0.974099 -6.912024 2.094941 -0.950644 13.744153 -2.786399 0.092227 -10.905689 17.505533 -8.507265 -0.060367 12.020378 4.725687 -0.142871 1.083038 56.845735 -2.449452 13.692835 -8.578497 -0.474844 11.123239 13.813400 2.333476 -10.427066 4.609166 3.279905 -19.244759 3.588633 0.782945 14.419140 -19.282352 5.610809 6.098476 -2.542303 -5.185814 -9.913793 -4.480001 12.541743 -1.157859 -3.810762 -1.865266 -0.975263 -18.116769 -4.901312 9.800047 13.487886 -2.895142 19.663658 -1.573842 -18.201783 -1.485510 16.679263 -4.713702 -4.968281 -0.121140 9.379285 10.749001 -5.173408 -4.217954 -1.021206 -9.362996 -0.624096 4.873976 13.909891 -1.692337 -2.449452 86.718259 -1.575648 -7.929329 1.771874 7.554066 -0.728475 11.049489 -21.422720 -0.034939 9.079867 1.987712 31.694971 15.700513 -13.143610 -12.456762 3.440679 10.513833 2.006140 -0.807085 1.715838 -3.990297 1.327068 1.577017 10.759074 1.797861 2.430367 4.821546 13.438233 0.101842 6.243688 -4.755060 3.246258 -1.009096 2.405736 -24.261030 -2.046175 0.515798 -7.517986 0.060269 -9.997101 5.326969 -7.010026 7.938292 1.091821 4.603552 6.975271 1.475942 -12.652991 0.670124 13.692835 -1.575648 60.608224 -8.358765 -13.986602 6.445027 2.318010 9.522126 11.006089 -0.341425 -4.040921 -14.951021 -8.137615 -2.216764 -1.080649 -17.656837 0.846300 1.897105 -3.252291 4.253885 9.721714 11.746764 -12.398968 4.931375 17.033235 2.554131 13.408110 1.314802 -21.184180 16.800314 -7.226516 -2.499162 2.026079 0.771588 5.091921 5.176864 7.199473 8.505491 1.640154 -7.536588 13.879839 -9.185155 -9.866616 -1.800008 -4.081197 -4.519078 -0.983458 -4.149202 6.215897 2.764722 -8.578497 -7.929329 -8.358765 70.363005 -5.574962 -3.260954 -6.821161 -2.159418 1.698112 3.452575 -3.059943 23.147967 -4.279009 5.263988 0.848779 10.078415 7.431969 -10.842568 -3.588829 -8.043996 -9.045028 -18.780575 -3.892716 -3.605612 -5.672142 3.438627 0.445851 -2.302953 -15.816717 2.717069 -1.032557 -7.543004 -8.380018 10.834384 16.913159 -2.935606 -21.497779 -3.630960 15.182130 -0.738474 4.839882 -1.017178 -2.363270 -16.321171 -1.937759 -5.602705 -1.400765 -5.968504 9.632970 2.661045 -0.474844 1.771874 -13.986602 -5.574962 64.068195 -0.399157 -8.421625 4.745692 6.414106 -7.581098 10.723751 0.886483 9.103009 0.516802 4.254817 10.688248 4.591635 7.917902 -5.305410 8.779729 -6.161103 5.162305 4.030947 -0.338466 14.308506 9.483083 -2.524984 5.126777 9.629379 -2.846669 -15.036821 0.514947 -3.637861 -13.697786 1.959878 -8.995979 -0.109763 -2.480925 12.804779 15.534520 4.939699 1.331301 -1.351696 -1.893423 0.920341 -3.503500 10.596497 -6.594830 20.726594 2.919573 11.123239 7.554066 6.445027 -3.260954 -0.399157 75.784146 7.713933 0.822644 13.346648 9.863798 11.407963 -8.856257 3.021682 10.123518 -9.365387 -16.324620 -13.951894 -6.118431 -11.386158 12.254964 4.443361 0.419551 0.726198 3.531213 -3.171871 -1.436349 -4.826278 -6.944573 -12.968366 -3.247145 -9.068508 8.361350 12.637585 4.636194 -8.050270 4.848347 -1.997840 -0.609407 -3.992011 13.913369 -12.052695 4.233549 -6.060734 8.619281 4.362760 4.062068 1.200028 -5.507748 -0.721177 -1.738368 13.813400 -0.728475 2.318010 -6.821161 -8.421625 7.713933 53.079704 -8.212640 -6.009148 -2.836630 -3.914769 -4.894167 5.791325 1.976530 -0.283872 -6.052311 8.253476 -2.232826 10.689174 -2.518922 9.075313 -7.101742 -9.988709 4.768229 7.157962 -3.457254 -2.727651 5.895461 4.454595 7.249380 1.694654 3.764827 -13.752949 -2.151414 -4.713206 -13.154863 14.192854 -9.970342 9.955126 -6.940124 -3.732075 -6.518253 1.473896 6.834045 -1.440946 -1.113520 -1.750968 0.435991 4.832270 -3.718144 2.333476 11.049489 9.522126 -2.159418 4.745692 0.822644 -8.212640 46.469271 -4.707850 6.795420 -6.665144 5.534710 4.546683 8.983437 -6.545317 3.124949 -8.606525 4.303986 -5.291949 2.632490 8.724793 0.393816 6.335206 15.178996 6.316258 8.418251 13.330133 20.007088 -7.063010 -2.514896 -8.978361 -1.114619 -13.268720 -8.331572 10.083801 0.869562 3.391453 -3.201033 -2.025206 -7.007572 10.542789 14.431926 5.811507 -1.568761 7.372784 3.996206 -18.651007 0.579896 -8.207638 -0.996431 -10.427066 -21.422720 11.006089 1.698112 6.414106 13.346648 -6.009148 -4.707850 90.714113 8.731918 -17.758361 -17.683992 -17.941486 -10.602964 0.647646 -9.501610 -13.837069 -7.308849 10.132783 1.555653 -3.400726 1.341289 -12.140822 17.864437 7.048298 12.178641 1.814653 11.374322 -2.921114 -1.045717 1.045572 15.752938 -0.384688 -8.113094 9.334473 -3.341590 -15.507021 -1.278595 -8.984988 4.865518 8.496124 -5.365827 -0.205852 5.721007 -7.045182 -9.545222 -13.388583 -2.533820 -0.361430 9.699161 4.609166 -0.034939 -0.341425 3.452575 -7.581098 9.863798 -2.836630 6.795420 8.731918 76.762189 11.645432 -23.605954 -1.540975 -0.479989 7.050733 -4.646283 -0.262471 3.327744 1.668506 2.018337 -9.028258 -5.332751 -11.280626 -2.376832 -4.684407 3.851905 8.671306 -23.738063 -8.942543 5.569922 7.182461 4.248950 -3.058671 2.004132 4.106908 2.323986 -16.041330 -7.473771 12.148027 2.774634 1.270108 11.432268 -1.300856 -19.203330 1.442840 -3.814440 3.847544 0.821725 -2.528543 -3.032448 3.279905 9.079867 -4.040921 -3.059943 10.723751 11.407963 -3.914769 -6.665144 -17.758361 11.645432 70.341632 5.588337 5.368575 -1.930142 5.920402 -6.388414 6.120700 11.676576 -5.242334 -5.232563 0.304206 7.384775 -6.718469 3.878245 9.769371 -1.920246 -1.072829 -12.500622 -3.123475 9.797532 1.274687 3.342649 5.648261 -7.906252 -14.287276 -1.197980 15.268176 1.240919 22.966771 -9.027498 0.140118 -20.909397 3.799518 -8.363207 0.501652 -6.467357 -1.291483 -2.971803 8.779992 -13.426578 -19.244759 1.987712 -14.951021 23.147967 0.886483 -8.856257 -4.894167 5.534710 -17.683992 -23.605954 5.588337 86.398986 13.465577 9.427570 -20.862983 12.854229 2.325945 6.611354 6.982212 -3.076455 -13.172730 -20.354535 -0.803544 -16.590711 -7.594311 15.477005 -1.528917 -4.561811 -1.073323 -0.582019 -2.335874 7.762163 6.030988 -2.063415 -12.122167 12.119963 6.991040 10.816282 6.891492 0.619750 3.734778 -15.123852 3.470072 -9.750356 0.453099 -24.535367 -6.709091 2.273566 -2.827703 -1.068983 3.588633 31.694971 -8.137615 -4.279009 9.103009 3.021682 5.791325 4.546683 -17.941486 -1.540975 5.368575 13.465577 92.682779 19.211164 -8.220952 3.585948 11.081102 14.419555 -8.715941 5.486993 -15.055263 -4.475891 -2.648385 5.225291 -0.299611 4.262970 -4.496198 -1.751209 4.738317 3.610623 4.648539 1.102108 -12.367568 0.570958 -0.008703 1.145664 -5.071314 7.159735 1.786135 -4.566217 -14.119879 -10.844191 -11.546764 9.712762 11.304811 -17.512616 3.770584 3.311105 12.449940 1.604956 0.782945 15.700513 -2.216764 5.263988 0.516802 10.123518 1.976530 8.983437 -10.602964 -0.479989 -1.930142 9.427570 19.211164 65.424897 -20.564083 8.347283 -2.448084 -13.618483 2.259991 8.317140 0.124150 -7.633129 0.685527 -21.469576 7.477964 4.219709 -9.304208 4.140452 8.826908 -1.279314 10.925154 -18.757334 1.970617 -3.208253 3.958873 6.295984 -13.116135 17.150837 3.232108 4.589773 -2.672232 8.483438 0.296364 -5.486208 2.277955 -1.120308 -1.204008 -2.051974 -15.630481 9.753483 14.419140 -13.143610 -1.080649 0.848779 4.254817 -9.365387 -0.283872 -6.545317 0.647646 7.050733 5.920402 -20.862983 -8.220952 -20.564083 86.727222 -1.201140 16.793272 1.325084 4.205318 -8.558649 7.866372 -3.120585 -8.151411 -6.679420 -6.427243 12.994453 -5.463528 -4.629252 -9.912848 8.837711 -4.272658 13.983870 -3.261690 -4.414895 11.552529 18.009963 -7.030552 -6.994328 -2.423372 -7.382167 -3.622258 -8.264937 -6.991757 -1.252547 -5.357708 4.137970 -0.924741 -13.514771 -7.565849 -6.179411 -19.282352 -12.456762 -17.656837 10.078415 10.688248 -16.324620 -6.052311 3.124949 -9.501610 -4.646283 -6.388414 12.854229 3.585948 8.347283 -1.201140 64.674792 0.210914 2.955865 4.425079 4.953446 -10.445362 -8.895816 -0.149593 -10.480743 -3.314912 7.033005 -1.703702 -0.683963 -2.725243 -3.422915 4.708722 2.561979 8.314025 6.664578 10.893784 5.705334 -6.891555 17.980309 -3.859618 0.408086 -3.366813 -6.324413 2.523693 -9.574395 17.081141 -9.775126 2.697865 -8.889965 -8.257506 2.398259 5.610809 3.440679 0.846300 7.431969 4.591635 -13.951894 8.253476 -8.606525 -13.837069 -0.262471 6.120700 2.325945 11.081102 -2.448084 16.793272 0.210914 59.957557 -1.155773 1.272947 -2.472327 4.855631 5.166908 2.019717 -4.654148 6.150364 5.940286 7.404949 -3.048286 4.912690 2.857388 -2.866606 4.323482 2.247142 2.729782 -4.492995 3.008936 -5.328095 -12.389710 10.024550 4.704159 -2.686683 12.396105 5.622474 -2.199442 -14.588370 8.444418 -3.799662 -5.299563 8.198159 -5.116651 6.098476 10.513833 1.897105 -10.842568 7.917902 -6.118431 -2.232826 4.303986 -7.308849 3.327744 11.676576 6.611354 14.419555 -13.618483 1.325084 2.955865 -1.155773 65.479836 
94.198390 -3.116568 3.674899 -2.157349 -0.053319 0.360954 2.259605 -3.763687 3.178115 -0.441110 -27.979138 6.021361 5.168730 6.478590 8.805451 -15.293761 -4.057256 -4.994483 -3.370728 -11.303800 -3.116568 67.920370 5.487310 -7.188678 5.108570 1.905273 3.189797 -0.313851 -12.684417 4.121448 23.710566 -1.550541 3.222955 -15.773169 14.165975 0.673988 9.612992 -10.846182 -8.189931 2.470853 3.674899 5.487310 93.618576 -6.475797 11.450271 -12.563460 31.736298 6.043054 -7.515253 1.776023 6.518982 -8.521602 -0.433267 -8.567944 11.529932 2.786294 -18.932187 3.885707 5.014307 -5.830075 -2.157349 -7.188678 -6.475797 93.075279 -6.644610 -7.115049 -2.764547 -8.175768 -2.600518 2.507153 -6.045334 7.621948 -5.028414 18.485952 -4.199711 -4.656643 -3.082912 2.547570 -1.238775 -4.219122 -0.053319 5.108570 11.450271 -6.644610 89.769763 8.759757 -13.723990 3.140498 -11.838207 -9.614954 -6.408749 -15.503606 0.118618 -14.319290 16.439291 9.326067 -20.134828 -4.885183 -8.908218 4.726136 0.360954 1.905273 -12.563460 -7.115049 8.759757 74.516226 -13.897874 1.102342 7.536140 -4.240419 1.627927 -20.632411 -8.290633 -11.068436 -2.889822 9.337316 -0.575409 2.686178 -3.182004 -0.486618 2.259605 3.189797 31.736298 -2.764547 -13.723990 -13.897874 75.959068 -10.829452 -17.472719 3.960337 -6.528530 -0.033911 11.800878 9.398812 2.518535 0.876729 6.277112 14.312259 -4.354015 0.830432 -3.763687 -0.313851 6.043054 -8.175768 3.140498 1.102342 -10.829452 69.983218 16.234919 17.740295 1.139516 -9.532451 -12.657597 -4.924014 -14.831397 4.646896 -0.856626 -1.144210 0.126946 -3.832544 3.178115 -12.684417 -7.515253 -2.600518 -11.838207 7.536140 -17.472719 16.234919 97.224258 -1.278083 -8.617737 5.893951 3.796703 11.646930 -13.898461 4.894484 -1.756724 5.028441 -5.663474 6.450417 -0.441110 4.121448 1.776023 2.507153 -9.614954 -4.240419 3.960337 17.740295 -1.278083 62.478511 -7.101190 -1.024557 -0.617425 -0.923209 -12.695855 6.001640 10.171425 2.179813 -7.230698 -1.253638 -27.979138 23.710566 6.518982 -6.045334 -6.408749 1.627927 -6.528530 1.139516 -8.617737 -7.101190 61.295169 6.813458 -11.518602 0.897682 -4.248751 6.138308 -0.829744 4.462171 3.118872 -10.732760 6.021361 -1.550541 -8.521602 7.621948 -15.503606 -20.632411 -0.033911 -9.532451 5.893951 -1.024557 6.813458 74.692918 2.251674 16.293222 -12.889273 -10.338112 -7.231446 0.417522 -4.624794 10.164485 5.168730 3.222955 -0.433267 -5.028414 0.118618 -8.290633 11.800878 -12.657597 3.796703 -0.617425 -11.518602 2.251674 73.637527 -13.974594 0.261623 -7.940127 7.179784 4.609613 2.776873 19.192574 6.478590 -15.773169 -8.567944 18.485952 -14.319290 -11.068436 9.398812 -4.924014 11.646930 -0.923209 0.897682 16.293222 -13.974594 70.431911 -1.801127 2.695194 3.012585 9.553083 4.099784 -6.585904 8.805451 14.165975 11.529932 -4.199711 16.439291 -2.889822 2.518535 -14.831397 -13.898461 -12.695855 -4.248751 -12.889273 0.261623 -1.801127 70.493179 8.484060 -16.070028 -3.968845 7.672601 -4.178833 -15.293761 0.673988 2.786294 -4.656643 9.326067 9.337316 0.876729 4.646896 4.894484 6.001640 6.138308 -10.338112 -7.940127 2.695194 8.484060 61.045162 -18.132548 -1.060218 2.838636 -1.170256 -4.057256 9.612992 -18.932187 -3.082912 -20.134828 -0.575409 6.277112 -0.856626 -1.756724 10.171425 -0.829744 -7.231446 7.179784 3.012585 -16.070028 -18.132548 84.182144 -1.645873 -0.911119 7.629819 -4.994483 -10.846182 3.885707 2.547570 -4.885183 2.686178 14.312259 -1.144210 5.028441 2.179813 4.462171 0.417522 4.609613 9.553083 -3.968845 -1.060218 -1.645873 55.729929 13.515933 -6.474279 -3.370728 -8.189931 5.014307 -1.238775 -8.908218 -3.182004 -4.354015 0.126946 -5.663474 -7.230698 3.118872 -4.624794 2.776873 4.099784 7.672601 2.838636 -0.911119 13.515933 76.496145 -21.111026 -11.303800 2.470853 -5.830075 -4.219122 4.726136 -0.486618 0.830432 -3.832544 6.450417 -1.253638 -10.732760 10.164485 19.192574 -6.585904 -4.178833 -1.170256 7.629819 -6.474279 -21.111026 59.977334 
